-248,552,-464
-144,608,-720
-184,672,-544
-144,696,-368
-40,720,-240
8,840,-224
72,832,-296
120,800,-432
216,792,-408
288,800,-416
336,768,-392
392,760,-368
432,736,-376
472,720,-392
496,720,-368
528,704,-320
552,688,-264
568,656,-296
576,680,-264
560,696,-224
552,712,-224
544,736,-216
544,776,-176
544,800,-152
8,992,-360
0,1000,-368
-8,1000,-384
-16,1008,-344
-32,1008,-336
-40,976,-288
-32,960,-384
-40,928,-280
-48,928,-208
-168,816,-112
-256,856,-416
-208,880,-264
-216,896,-352
-208,952,-352
-160,1008,-176
-192,1192,-392
-224,1152,-568
-288,1184,-664
-352,1216,-624
-360,1336,-536
-360,1432,-520
-344,1472,-376
-352,1496,-440
-328,1480,-488
-208,1040,-424
-152,728,-328
-72,504,-264
8,312,88
152,200,376
232,40,576
272,-16,656
256,32,536
160,16,320
72,80,-56
-80,328,-704
-384,672,-1448
-744,1128,-1936
-992,1384,-2040
-1048,1360,-1680
-952,1456,-1344
-760,1536,-1096
-616,1416,-992
-400,1080,-576
-160,808,-112
48,560,24
216,320,168
312,224,336
344,200,472
200,-56,432
56,-224,552
-64,-144,80
-240,104,-968
-608,656,-2160
-1096,1496,-2800
-1376,1872,-2392
-1224,1904,-1584
-920,1800,-992
-648,1536,-760
-344,1216,-616
-128,880,-296
16,520,24
120,232,256
216,128,392
248,120,496
208,88,504
112,64,472
0,-80,408
-96,-296,176
-144,-128,-448
-296,384,-1720
-792,992,-2624
-1248,1592,-2552
-1088,1840,-1016
-816,1680,-608
-576,1464,-544
-296,1080,-440
-88,664,-128
48,328,128
152,152,160
192,168,208
176,152,352
112,24,360
16,-88,288
-80,-120,128
-120,-88,-216
-144,0,-928
-312,416,-1656
-720,1160,-2080
-1120,1824,-2016
-1248,1992,-1456
-1032,2008,-784
-736,1824,-472
-496,1528,-672
-224,1160,-560
0,808,-120
120,512,112
248,168,312
288,104,336
224,144,240
120,144,112
16,72,80
-32,-24,-264
-112,128,-936
-296,616,-1504
-680,1024,-1928
-1016,1360,-1952
-1048,1480,-1616
-936,1376,-1264
-768,1192,-968
-576,1040,-976
-368,952,-712
-168,848,-368
0,680,-152
80,480,24
120,368,224
200,256,384
216,168,472
136,128,408
-8,0,208
-104,-192,-32
-496,336,-1736
-1096,1040,-2840
-1400,1528,-2536
-1336,1584,-1696
-1080,1544,-1208
-824,1440,-920
-528,1192,-656
-224,856,-304
32,552,0
232,256,304
272,80,464
224,72,576
136,120,536
16,144,448
-96,88,232
-152,-40,-96
-80,40,-568
-304,608,-2008
-856,1184,-2848
-1272,1432,-2280
-1200,1568,-1672
-952,1552,-1280
-712,1400,-792
-376,1160,-440
104,576,72
256,216,336
328,104,336
248,144,336
112,272,296
16,288,264
-80,56,200
-144,-168,32
-168,56,-784
-520,696,-2160
-912,1232,-2272
-1160,1544,-1768
-1112,1712,-1384
-928,1712,-944
-728,1552,-592
-432,1360,-264
-120,1128,-192
136,792,-16
288,416,320
376,208,344
328,136,400
144,40,416
-8,-120,400
-80,-280,272
104,576,72
256,216,336
328,104,336
248,144,336
112,272,296
16,288,264
-80,56,200
-144,-168,32
-168,56,-784
-520,696,-2160
-912,1232,-2272
-1160,1544,-1768
-1112,1712,-1384
-928,1712,-944
-728,1552,-592
-432,1360,-264
-120,1128,-192
136,792,-16
288,416,320
376,208,344
328,136,400
144,40,416
-8,-120,400
-80,-280,272
-1240,1152,-2816
-1144,1264,-1864
-920,1304,-1024
-712,1224,-512
-424,1024,-448
-136,832,-416
120,464,168
392,152,344
552,112,320
440,232,-16
112,360,-128
-112,408,-136
-216,248,-296
-160,-128,-184
32,-336,-64
-32,80,-744
-528,784,-2168
-1032,1312,-2688
-1160,1528,-2128
-1032,1608,-1128
-824,1584,-480
-592,1504,-304
-328,1240,-400
416,152,32
536,152,240
480,312,224
280,344,40
32,288,-104
-112,56,-456
-144,-160,-368
24,-128,-320
-48,232,-1024
-488,704,-2304
-944,960,-2944
-992,1056,-2200
-896,1064,-1152
-768,1064,-696
-568,968,-592
-288,776,-624
-48,536,-280
200,360,112
376,304,256
440,320,280
368,296,184
192,224,-16
64,104,-192
-72,24,-344
-8,264,-968
-400,816,-2448
-872,1136,-2984
-976,1096,-2504
-816,960,-1664
-648,880,-1040
-448,784,-696
-168,632,-576
112,432,-304
272,344,136
360,280,176
368,264,136
256,240,-8
64,168,-144
-72,88,-384
-200,184,-600
-216,432,-1048
-152,648,-1480
-176,760,-2120
-328,872,-2296
-416,952,-1976
-360,872,-1216
-272,712,-752
-152,520,-448
64,288,-224
112,208,-152
168,272,24
272,328,72
376,304,72
304,360,-224
152,480,-512
-32,608,-744
-120,664,-968
-152,712,-1144
-160,688,-1336
-136,808,-1504
-224,984,-1672
-328,1024,-1632
-368,920,-1400
-320,760,-968
-224,592,-592
-112,464,-400
-24,416,-336
32,392,-248
72,416,-144
112,456,-16
192,432,-40
240,368,-80
96,432,-200
-8,488,-456
-128,576,-848
-208,696,-1272
-256,776,-1584
-368,928,-1784
-528,1080,-2000
-600,1080,-1720
-552,888,-1112
-448,792,-728
-344,688,-536
-232,600,-512
-144,464,-568
-32,360,-360
32,312,-192
88,328,-48
104,336,-48
120,320,-40
64,320,-120
8,352,-248
-40,464,-368
-112,552,-632
-208,624,-1072
-272,752,-1416
-320,1024,-1528
-360,1112,-1456
-344,976,-1080
-344,840,-920
-304,736,-760
-256,688,-608
-176,688,-536
-104,608,-392
8,440,-136
96,424,-312
64,512,-480
24,568,-720
-16,552,-792
-24,584,-776
0,592,-728
24,624,-784
32,648,-864
32,688,-824
48,704,-720
48,712,-704
64,704,-720
72,696,-728
80,720,-680
56,728,-640
48,720,-624
24,728,-648
8,744,-592
16,744,-576
40,728,-600
32,736,-624
24,768,-640
16,776,-592
40,784,-552
48,816,-616
32,856,-640
8,896,-528
24,952,-552
40,984,-440
48,1032,-464
8,1064,-432
-16,1016,-320
-32,968,-288
-32,960,-448
-96,968,-384
-152,920,-272
-160,888,-240
-152,872,-160
-200,1032,-456
-200,896,-408
-192,880,-312
-168,936,-224
-136,896,-32
-112,912,56
-200,1008,40
-256,1080,32
-280,1104,24
-264,1112,120
-328,1112,112
-392,1184,-16
-352,1160,-128
-360,1216,-304
-472,1080,-40
-496,1224,0
-472,1288,216
-488,1104,-40
-496,1032,-416
-632,1080,-432
-688,1056,-96
-680,984,-208
-696,944,-176
-648,784,-8
-608,664,88
-496,608,64
-456,552,72
-392,472,16
-352,480,16
-328,520,40
-312,568,48
-296,600,64
-256,696,48
-200,760,16
-152,832,-88
-128,888,-104
-120,920,-112
-112,984,-120
-112,1016,-104
-96,1088,-64
-104,1144,-56
-112,1200,-128
-120,1256,-144
-144,1312,-112
-152,1360,-184
-144,1376,-184
-128,1336,-112
-160,1264,-8
-176,1176,0
-192,992,16
-160,904,40
-152,840,136
-160,816,136
-160,776,144
-160,760,136
-144,760,88
-120,768,72
-80,816,8
-64,888,40
-72,920,40
-64,984,16
-72,1024,-16
-96,1040,-40
-88,1064,-8
-64,1104,-40
-64,1120,32
-64,1144,-48
-72,1144,-24
-80,1152,0
-48,1168,-32
-16,1184,-16
16,1120,40
64,1120,40
128,1000,-40
120,992,-56
104,968,-72
72,968,24
56,952,-8
32,960,40
-8,984,32
-56,960,-16
-104,984,-80
-152,952,-32
-216,968,24
-216,1000,32
-240,1064,72
-216,1096,136
-168,1008,128
-144,896,80
-160,920,-16
-160,888,-48
-176,864,-72
-272,768,112
-312,768,264
-312,936,456
-296,1096,464
-360,1224,504
-96,928,-144
128,256,-48
168,-416,0
232,-960,160
256,-1232,344
192,-1224,464
80,-1136,208
-72,-984,-864
-488,152,-1984
-1296,2112,-2224
-2048,3096,1184
-2352,2896,1088
-1824,2456,280
-1128,2512,-232
-584,2056,-512
-360,1496,-432
-136,1080,-136
120,664,-72
144,-64,-80
384,-752,64
512,-1280,256
384,-1272,504
160,-1008,768
-80,-768,616
-544,632,-1696
-1528,2352,-2944
-2216,3216,-280
-2240,3368,608
-1520,2792,432
-856,2248,-128
-368,1576,-176
-32,888,-136
192,216,80
264,-328,232
248,-928,408
256,-1176,672
216,-1104,896
64,-872,784
-24,-360,72
-360,680,-1192
-1024,2296,-2600
-1784,3184,-440
-1904,3512,480
-1488,2752,120
-848,2160,-424
-360,1608,-640
-80,1040,-616
176,-368,168
208,-712,488
272,-896,712
168,-944,840
-16,-784,784
-128,-472,456
-320,104,-560
-824,1576,-2464
-1696,2824,-1512
-2104,3448,-136
-1720,2880,64
-1032,2336,-232
-456,1896,-488
-128,1368,-576
56,856,-480
240,352,-264
272,-80,16
288,-424,352
272,-688,672
232,-792,816
136,-840,744
16,-808,504
-96,-504,-280
-384,624,-1480
-1792,3168,-1296
-2200,3560,-48
-1784,2976,-104
-1200,2352,-320
-656,1952,-584
-336,1352,-640
-136,720,-560
64,264,-424
72,112,-176
232,-192,48
352,-512,368
424,-704,624
312,-744,688
88,-632,680
-112,-480,888
-184,-216,808
-208,280,-216
-568,1240,-1608
-1384,2304,-2632
-1976,3120,-744
-2168,2760,-600
-1560,2392,-520
-880,2120,-960
8,712,-640
200,408,-232
288,64,96
352,-200,440
376,-256,712
368,-280,896
240,-384,880
120,-488,928
-32,-576,872
-184,-504,288
-488,168,-1240
-1104,1640,-2456
-1688,2856,-872
-2200,3128,-8
-1944,2352,-176
-1280,2112,-480
-656,1960,-840
-312,1560,-1056
-200,1152,-872
8,856,-480
200,536,-216
304,192,8
376,-96,200
392,-272,408
216,-672,656
48,-720,800
-112,-560,744
-280,-112,40
-808,1256,-1968
-1632,2664,-2512
-2128,3112,-984
-2200,2368,-136
-1560,1936,-24
-816,1776,-352
-344,1496,-680
-32,1248,-784
104,1024,-800
208,696,-576
264,248,-272
384,-208,128
456,-424,144
320,-456,304
168,-352,504
48,-224,704
-56,-208,880
-192,-176,872
-352,-32,504
-680,488,-1120
-1968,2648,-2352
-2064,2712,-936
-1648,2608,-80
-1192,2696,208
-840,2456,-168
-488,1896,-704
-88,1008,-896
48,96,-680
120,-464,-144
160,-704,336
160,-616,448
176,-520,616
48,-504,808
-40,-528,1016
-144,-576,992
-352,-400,232
-672,328,-1288
-1312,1688,-2888
-1768,2888,-784
-1856,3144,-224
-1352,2704,16
-784,2080,-16
-504,1576,-216
-152,504,-72
-56,192,-336
-64,-72,-472
56,-312,-384
152,-392,-296
128,-304,-176
24,-144,-120
-144,88,-40
-376,384,-48
-600,648,-24
-688,656,-104
-736,624,-120
-776,504,-160
-808,368,-232
-864,208,-280
-960,88,-296
-1096,32,-240
-1312,88,-232
-1560,232,-144
-1744,368,-144
-1848,504,-224
-1880,576,-272
-1808,624,-208
-1680,640,-240
-1384,520,-264
-1248,384,-288
-1136,304,-208
-1048,224,-256
-1000,192,-232
-960,200,-200
-928,224,-208
-888,288,-168
-888,360,-144
-888,408,-128
-928,424,-112
-968,424,-152
-1008,400,-224
-1000,360,-208
-1000,312,-208
-1000,280,-192
-1016,240,-256
-1024,200,-248
-1040,176,-200
-1056,168,-176
-1056,144,-160
-1088,144,-192
-1072,136,-144
-992,136,-176
-936,136,-184
-896,144,-168
-856,144,-224
-816,136,-184
-776,120,-216
-776,112,-184
-784,112,-192
-792,136,-200
-808,144,-200
-872,160,-216
-912,176,-168
-928,184,-184
-960,208,-120
-992,208,-128
-1016,248,-128
-1016,272,-120
-1048,296,-144
-1072,336,-152
-1088,384,-208
-1128,408,-208
-1112,448,-176
-1104,472,-192
-1080,568,-288
-1064,536,-264
-1016,552,-248
-992,616,-160
-968,632,-136
-912,616,-112
-864,600,-120
-824,592,-96
-808,576,-96
-792,536,-24
-760,528,88
-688,536,64
-672,528,136
-632,472,48
-600,376,120
-568,400,136
-544,424,152
-568,424,56
-592,464,-16
-608,528,-112
-616,552,-160
-648,648,-264
-672,608,-336
-648,600,-464
-1080,568,-288
-1064,536,-264
-1016,552,-248
-992,616,-160
-968,632,-136
-912,616,-112
-864,600,-120
-824,592,-96
-808,576,-96
-792,536,-24
-760,528,88
-688,536,64
-672,528,136
-632,472,48
-600,376,120
-568,400,136
-544,424,152
-568,424,56
-592,464,-16
-608,528,-112
-616,552,-160
-648,648,-264
-672,608,-336
-648,600,-464
152,128,-952
152,104,-976
176,48,-976
176,24,-928
184,16,-896
192,24,-952
216,16,-896
224,40,-864
216,56,-848
208,72,-856
192,72,-880
184,56,-944
160,56,-960
152,88,-952
128,88,-968
128,80,-944
144,104,-976
136,128,-1032
136,176,-976
136,168,-1000
136,144,-984
128,152,-960
120,152,-968
136,112,-1008
